0.002	973.2454856920428	80.13392849042526	1119.5241140212815	216.49628539458897
0.022000000000000006	973.2185915587324	45.021757142006265	1163.5038538115803	201.3014244949155
0.04200000000000002	973.1034279216061	6.732896033165872	1211.3549587450364	167.00668506144373
0.06200000000000004	973.2501300093065	67.70434565794491	1135.110539951065	121.44025105641693
0.08200000000000006	973.1526837699543	117.86767739490952	1072.1081608190993	78.9432884680171
0.10200000000000008	973.1717422076483	100.53397950345507	1093.8600114121957	49.25460076673
0.1220000000000001	973.1403574032362	24.36701884109319	1189.2967039738053	31.630021874758256
0.1420000000000001	973.3495609814968	2.206547426458224	1217.3373114157623	23.37871330919585
0.16200000000000012	973.4976972125241	-42.860060633899174	1274.0144377336835	19.815271778180836
0.18200000000000013	973.6725528717802	-78.32603378434304	1318.6905669074952	16.29504229619014
0.20200000000000015	973.835547875656	-96.94940468044817	1342.2394611864522	12.12485556496196
0.22200000000000017	973.9695870509829	-93.82661902888523	1338.4930381065335	29.985851779051895
0.2420000000000002	974.0772240751018	-62.47693438310637	1299.330824381027	56.257080296189336
0.2620000000000002	974.2369098745389	-10.861428555013234	1234.8304482921583	81.9723010149692
0.2820000000000002	974.1594736141584	-19.363028445791358	1245.3902201914732	101.29936589975404
0.3020000000000002	974.127502013136	-26.281715611689634	1254.02278583136	111.26660469624278
0.32200000000000023	974.0694989605117	-25.282708679044305	1252.6978134270407	110.88125794367605
0.34200000000000025	973.9803425052813	-37.29057521990906	1267.63803365071	104.46450513072125
0.36200000000000027	973.8801318502119	-53.3286587488312	1287.6163139278017	90.40780673641517
0.3820000000000003	973.8812781046034	-72.35658267064638	1311.4694404021884	76.81939289026758
0.4020000000000003	973.8154308985473	-87.12358976605391	1329.8974887993897	65.50140974602911
0.4220000000000003	974.0124673471211	-70.87432910097625	1309.775867990495	69.40776917747257
0.44200000000000034	974.5012861233365	-60.35682223524856	1297.2048089131881	91.82662312049563
0.46200000000000035	974.9444502808619	-64.97858119257761	1303.5537398132767	111.9376234517443
0.4820000000000004	975.392245614111	-55.926233432172324	1292.7678487844505	122.90848985034494
0.5020000000000003	975.8003850806053	-33.28683636629152	1264.9007489055566	125.78480366213452
0.5220000000000004	976.0664351732974	-29.08325543488513	1259.9650153030768	123.72678314345178
0.5420000000000004	976.1532324791863	-52.88127941293029	1289.9048735109766	113.34815551946944
0.5620000000000004	976.2342577713787	-60.433806549127034	1299.4736064988288	95.45632901605468
0.5820000000000004	976.4831052167099	-50.41972223406901	1287.2327861145945	80.94448043154331
0.6020000000000004	976.9847481413881	-24.657562029477084	1255.5684794560584	82.25466273251199
0.6220000000000004	977.4155393432274	-23.65341760672591	1254.849775559007	92.81483026931382
0.6420000000000005	977.9361054042356	-28.108856575822486	1261.0872467660176	116.3868873026661
0.6620000000000005	978.5879401628563	-12.903371398859917	1242.8441029403784	149.92450550071385
0.6820000000000005	979.3008131760387	10.443115314404551	1214.472645735101	183.5131660165061
0.7020000000000005	980.1030766607797	36.046168268871156	1183.3846124046186	222.5483823853198
0.7220000000000005	981.096206233141	61.52806201649986	1152.6877058471734	272.1258961007339
0.7420000000000005	982.1061492968784	82.93287596521685	1127.1225347619102	300.0603836380098
0.7620000000000006	983.1053640848618	85.58233268169862	1125.0539402867569	307.38325756270007
0.7820000000000006	984.1967297604743	73.14859405287223	1142.0077914505644	291.16201903210896
0.8020000000000006	985.4780976439383	63.72432085919026	1155.427417750637	268.0568713171207
0.8220000000000006	986.8936878309665	65.14628903835678	1155.4194228748117	250.14338932327934
0.8420000000000006	988.3318648352013	49.805123576011084	1176.4524935559443	235.284080280185
0.8620000000000007	989.8174964914373	62.0668732130592	1162.9445237645132	225.53568493162476
0.8820000000000007	991.5892835099414	93.57340608681312	1125.671727616236	211.8704373131017
0.9020000000000007	993.3236652534878	52.67749335367778	1179.1092206927021	188.38940119282216
0.9220000000000007	995.2484173642281	55.478276176722794	1178.0111075856214	168.4418919851772
0.9420000000000007	997.4142604200467	62.221781282466445	1172.2729632189887	163.5860309220175
0.9620000000000007	999.2171189350831	13.996172174035351	1234.9841390406236	156.77373697688006
0.9820000000000008	1001.0026053749724	19.971559095009184	1229.7320576112656	151.6471205199619
1.0020000000000007	1002.7257050667445	43.378042337821626	1202.551723236215	136.35598348900433
1.0220000000000007	1004.6618921734529	13.653464538708356	1242.2388031923692	129.09622673914288
1.0420000000000007	1006.8204602059138	40.97928501411181	1210.6914049235384	129.50387699849372
1.0620000000000007	1008.7864610257487	51.38934581458982	1200.106692753659	133.16501431178105
1.0820000000000007	1010.3249272167628	-6.314714497321049	1274.3677819320144	133.86335589284636
1.1020000000000008	1011.8253599017892	-32.75949520194008	1309.397381547996	123.94398457962217
1.1220000000000008	1013.550917184672	-20.818570619689126	1296.5923182465417	116.50228513892468
1.1420000000000008	1015.4413286601284	49.95259426243152	1210.2496169245098	111.33579776328784
1.1620000000000008	1017.3298925008862	66.01753128193747	1192.4793938264	103.10065080682452
1.1820000000000008	1019.2494019153343	-1.9999766172100593	1280.1461323362219	101.02259375077723
1.2020000000000008	1021.190533677516	-14.645075146786432	1298.4301153533675	112.90607955999248
1.2220000000000009	1023.0950670557836	7.018226269132569	1273.6623054385418	128.79299602263504
1.2420000000000009	1025.0138221755703	28.773776929588742	1248.796687281866	142.9188365059329
1.262000000000001	1026.8787061546413	44.17740670442993	1231.8257363746134	151.15130811606653
1.282000000000001	1028.5555208206933	48.5859795963518	1228.4014505920848	150.49589409473944
1.302000000000001	1030.0416182772344	48.08330054060143	1230.8944014949773	139.6642573291724
1.322000000000001	1031.4148888094348	42.11713541858805	1240.0944562159632	130.68838018505255
1.342000000000001	1032.7031327079062	23.365721123751612	1265.214364701357	123.00652691192978
1.362000000000001	1033.9349019674623	-10.51371780533362	1309.2266092218163	107.93299961190131
1.382000000000001	1035.2168196902433	-28.942717380504213	1333.9344377641742	94.98887774395675
1.402000000000001	1037.1216038437756	-15.337817214924257	1319.2682273599826	96.0282653142818
1.422000000000001	1039.3960514597125	6.910803024292431	1294.2304056801797	108.30728688935004
1.442000000000001	1041.6392709131121	30.23943220879802	1267.7996373650146	115.21434038303298
1.462000000000001	1043.8417611495615	25.219195883759298	1276.8533960913085	132.6557729974004
1.482000000000001	1046.0434334011484	22.804442971793364	1282.6401304018189	148.76795535682515
1.5020000000000011	1048.3201321692363	48.15504879946321	1253.716761143418	153.55747020097465
1.5220000000000011	1050.660362505054	60.47437896372717	1241.2078614386871	155.91614553066537
1.5420000000000011	1053.0451666048289	68.24497022914767	1234.4567242976348	149.28182385805636
1.5620000000000012	1055.4246223268958	54.42314688031669	1254.765186831352	132.77077228797685
1.5820000000000012	1057.9054042157684	12.323034919144593	1310.6477753918768	114.41913223816961
1.6020000000000012	1060.4981367763203	1.1022187347554286	1327.9631944965463	108.86372091970375
1.6220000000000012	1063.0566920988886	-13.486431307297952	1349.457384935553	110.66686226476526
1.6420000000000012	1065.5070576506844	-14.6483486890173	1353.985417092486	111.79452812612432
1.6620000000000013	1068.0036721786876	2.4107671831282502	1335.7311785443735	126.8988454543403
1.6820000000000013	1070.6616959532932	14.987629446603677	1323.2978170210208	152.39411353395926
1.7020000000000013	1073.2987520959439	7.9555014015037955	1335.4182344244384	170.65049353070407
1.7220000000000013	1075.916087510741	-6.379191515034549	1356.6677685341149	180.0245294299096
1.7420000000000013	1078.5228531274824	-0.42080747353364245	1352.4664819005918	182.1343493909562
1.7620000000000013	1081.0889228958115	37.380219665410344	1308.2991165643818	168.87896967447384
1.7820000000000014	1083.3786884503356	49.44413921242432	1296.0471184791309	145.74279849301848
1.8020000000000014	1085.7744803861374	32.285327079549106	1320.5590068524223	139.90513383533192
1.8220000000000014	1088.2330430808788	3.540132344615884	1359.6732234459776	134.79929551202991
1.8420000000000014	1090.7598057608773	3.486905574805604	1362.907265576203	121.32782375889944
1.8620000000000014	1093.2947358223596	-0.1846151208093545	1370.6871125942253	112.14241978677212
1.8820000000000014	1095.7338449056	-0.12518759416665404	1373.6700668117815	104.31183544480137
1.9020000000000015	1098.1836177541095	57.81485751858814	1304.1124651969533	94.96535402571577
1.9220000000000015	1100.1353783279558	36.12678274532612	1333.7452311254383	100.85448020983965
1.9420000000000015	1102.1113067156384	1.9875888137302873	1379.015891874634	115.90947264854516
1.9620000000000015	1104.0028348271767	-16.022688551943304	1403.9630006256518	125.68599487830035
1.9820000000000015	1105.9109647462337	-14.184424895659241	1404.0505786726496	132.5348379790814
2.002000000000001	1108.0251821860923	6.315748267983388	1381.003602484593	151.44629992488302
2.021999999999999	1110.214120739231	26.872103260963783	1357.9798654711533	166.03692022329642
2.0419999999999967	1112.4300841197103	32.97368533578192	1353.1092042518155	170.07666385806596
2.0619999999999945	1114.7242644184807	35.00992875303053	1353.4325306676822	169.509210346997
2.0819999999999923	1117.0478749421088	40.16296339191148	1349.8858197329992	167.08231813559152
2.10199999999999	1119.4156634802748	38.81285199644463	1354.546243837533	157.11098923371247
2.121999999999988	1121.9766582080133	28.80001744836742	1370.3076624042892	159.50879992367018
2.1419999999999857	1124.7088043663127	16.409529007885098	1389.2640334918117	170.16321945613134
2.1619999999999835	1127.5173259737408	16.450307397687197	1392.7334268151492	177.95989498849136
2.1819999999999813	1130.2379699407902	34.91920667448821	1372.9928340181284	197.05188096794302
2.201999999999979	1132.9513808906395	70.61853973139463	1331.6446564872203	219.0499679008541
2.221999999999977	1135.698606790673	87.91220436814442	1313.4105525753719	251.18903080112833
2.2419999999999747	1138.4326007791472	79.87328015448216	1326.9145114127869	272.8376937131403
2.2619999999999725	1141.1767467627446	84.12535195527276	1325.0243115817689	275.94701864944733
2.2819999999999703	1143.97980046324	108.69850685517784	1297.7352757822682	264.25122856137625
2.301999999999968	1146.8219325863238	119.4685422083442	1287.7975711717554	240.10230929127866
2.321999999999966	1149.7883417987623	89.11627297507209	1329.562862043334	225.83436659827495
2.3419999999999637	1153.0484478610795	72.6424397358385	1354.299548893453	218.75327562753304
2.3619999999999615	1155.9663445326464	48.554379151976796	1388.1517817146382	204.18893701045593
2.3819999999999593	1158.9885246848287	56.255686549809845	1382.286449728012	195.50524622267017
2.401999999999957	1162.155277544303	58.101012134981886	1383.942871802699	190.06327232287143
2.421999999999955	1165.5534806826752	56.014754489533104	1390.8176972938504	185.0264319623123
2.4419999999999527	1169.1116252576792	60.17050771291156	1390.0685889801039	173.27612874536337
2.4619999999999505	1172.8144214841598	66.65064387752021	1386.5871660733046	152.2051557895137
2.4819999999999482	1176.415502573864	36.358127507188	1429.0731235793671	118.62016424312387
2.501999999999946	1180.1005909297378	1.3152877970368202	1477.618962009503	86.19197555281904
2.521999999999944	1184.2418936982926	-30.601649791712273	1522.8183206603553	69.88828303666318
2.5419999999999416	1188.7331973641312	-34.65749824512157	1533.5322598391156	73.31159917720504
2.5619999999999394	1193.28958463229	6.339511761851153	1487.853581115171	76.06517555071467
2.5819999999999372	1197.8235274233275	40.468197304793726	1450.7562802328193	93.99398714998414
2.601999999999935	1202.173163185839	63.5853910736574	1427.2309618333607	109.03373377222398
2.621999999999933	1206.1658300297822	69.75578328194405	1424.5011616875227	117.3019362807389
2.6419999999999306	1209.5612792480886	33.653001692776506	1474.0125821742279	116.81066359474795
2.6619999999999284	1212.6546549439627	41.335006320972866	1468.260690712733	107.34332450322822
2.681999999999926	1215.3405979567024	60.608533613760244	1447.467990802926	91.2922443167781
2.701999999999924	1217.8941464038135	56.0410779557018	1456.394239430545	79.8760250946942
2.721999999999922	1219.669934864179	-28.89167550759133	1565.084248861525	73.05694311923803
2.7419999999999196	1221.3215555182624	-33.49782806992642	1572.9284290866788	63.49702438184538
2.7619999999999174	1222.9061340458136	-13.20148050208294	1549.473042704443	52.150154512177735
2.781999999999915	1224.4746069380324	22.38282581630647	1506.8338612135553	43.66843726187244
2.801999999999913	1226.1662035690679	33.86180280546033	1494.5652837490068	43.978225332542394
2.821999999999911	1227.9247890433858	0.5111031382593563	1538.5751177109987	42.44293071041347
2.8419999999999086	1229.8910706518052	-12.552183343706268	1557.4148290156331	55.49885363974144
2.8619999999999064	1231.8529064519155	-19.033209102916622	1567.9980389526074	68.39982022463853
2.881999999999904	1233.7940353060385	-14.689266294769823	1564.9860880475435	100.32600500046462
2.901999999999902	1235.9091375381377	4.759497885593717	1543.258172448536	150.21551437011848
2.9219999999999	1238.0649864052527	33.063675748164016	1510.4809850795837	198.59222352689213
2.9419999999998976	1240.238847598668	62.660505745614685	1476.1060241840319	238.49933272646075
2.9619999999998954	1242.3956769385688	81.34934388346684	1455.3829886872018	258.1377673492695
2.981999999999893	1244.8083979313506	86.36934366809268	1452.1147390985484	272.4151467674587
3.001999999999891	1247.2873273516595	120.64236816472379	1412.260528463367	272.5040162504225
3.0219999999998888	1249.337322854857	90.21943480607729	1452.9656639199504	249.55647659636344
3.0419999999998866	1251.673249557831	82.43173496079436	1465.655729288303	223.33610061632615
3.0619999999998844	1253.6898365173251	76.46141591149586	1475.6673944617796	186.383891105542
3.081999999999882	1255.6949852411913	67.2841607625705	1489.6846476115884	151.55681046051714
3.10199999999988	1257.9490991922858	68.18659783066065	1491.3789878680618	139.3645930307995
3.1219999999998778	1260.0188697658364	54.08715665666571	1511.6472536968145	136.3690280244141
3.1419999999998756	1262.0525088905738	20.61082997082574	1556.1593448151675	132.1803815836653
3.1619999999998734	1263.9913772490518	-23.59133186954466	1613.9975796211847	118.96554472686519
3.181999999999871	1266.2028615485694	-30.167299026811982	1625.012736381094	103.93195549679352
3.201999999999869	1268.7158380747665	-23.624095236642013	1619.9608068985767	100.56197535979872
3.2219999999998667	1271.2781006564853	-21.61597484800557	1620.6554295834474	97.54484573530651
3.2419999999998645	1273.8649637301576	17.419802335310134	1574.9663575446843	96.01340548840727
3.2619999999998623	1276.55774906291	44.73182511390448	1544.1059014603459	96.27117797415063
3.28199999999986	1278.9798946297533	7.438960985395552	1593.8890564134047	94.43822832092751
3.301999999999858	1281.5866410454416	44.58771386442167	1550.5903118494534	98.53506506251153
3.3219999999998557	1283.7641914241406	18.567770090209414	1585.936147881482	109.62731543494823
3.3419999999998535	1286.1390691496688	36.890443188788375	1565.945429654132	126.23952576939064
3.3619999999998513	1288.555684994079	58.33954196380509	1542.0880252585664	152.02916065978837
3.381999999999849	1290.8646406600453	81.94599939854879	1515.3913974898423	173.79071281628387
3.401999999999847	1292.689754423647	83.77549563457474	1515.3859040175894	185.33473346337672
3.4219999999998447	1294.1877766916082	71.89031049629489	1532.1618860250117	186.10293487343128
3.4419999999998425	1295.5634285271476	52.44807836472826	1558.2573081658888	188.9941536522937
3.4619999999998403	1297.0143722315468	49.97784677317324	1563.1725399347843	190.1839313541864
3.481999999999838	1298.6786066849406	87.93404960716582	1517.6802009097657	199.91720697881865
3.501999999999836	1300.4493841383503	72.97713854865005	1538.6485228511083	223.08828594056592
3.5219999999998337	1302.2883563278992	59.551971287608566	1557.7822716610144	233.4959005027331
3.5419999999998315	1304.1919188258496	93.15762309579652	1518.0433911578084	234.83081138934986
3.5619999999998293	1305.977071472769	86.72882608604354	1528.3396577751776	248.56778480426863
3.581999999999827	1307.849685696976	87.52760368417236	1529.685722539114	268.4042320445084
3.601999999999825	1309.58602234496	80.12755278377551	1541.1382741190137	276.18876224554725
3.6219999999998227	1311.419440014728	66.68844861882599	1560.282530329801	270.77383806113335
3.6419999999998205	1313.8311411365219	55.00113312909845	1577.9557862106692	265.1112412605655
3.6619999999998183	1316.353032976022	54.67498899993848	1581.5258272865067	251.36868759724905
3.681999999999816	1319.5381327592377	72.51117809050639	1563.1605428559108	249.56054449571312
3.701999999999814	1322.7133025221024	92.40190640672375	1542.2074259368464	233.94424275780835
3.7219999999998117	1325.7656904610521	98.39331371865859	1538.5233362695467	205.96166077502454
3.7419999999998095	1328.9794092375123	77.66745661122869	1568.531829906593	193.64542207307153
3.7619999999998073	1332.3809798680888	49.56151535560118	1608.02680569656	182.45472835314908
3.781999999999805	1335.8869962300018	29.233464036293697	1637.9030437646763	167.92392266090047
3.801999999999803	1339.7096511617276	27.38579635946656	1645.0108488796893	164.21156556484945
3.8219999999998007	1343.6016513743944	27.58328656020779	1649.641953487498	161.64871655602667
3.8419999999997985	1347.6777321499676	25.576879005316563	1657.2664123854931	164.73621441277984
3.8619999999997963	1351.799865064202	19.746763931209372	1669.7416530447663	171.49418386827722
3.881999999999794	1356.0192126970549	20.07467077351248	1674.6196123189209	170.0451747951088
3.901999999999792	1360.2771751972812	26.792032356812292	1671.5367313985018	161.7549652160694
3.9219999999997897	1364.5623765275916	43.94701447895319	1655.4043346979522	143.62542051607414
3.9419999999997875	1368.8762796208043	49.005791659136925	1654.4706277096714	129.79335607524902
3.9619999999997852	1373.2920865629146	36.820755337028196	1675.2799478864401	122.73916302673872
3.981999999999783	1377.715893557166	4.908949948338485	1720.826995097307	108.0810961801849
4.001999999999781	1382.2854457397907	-9.889827073607705	1745.1053860978218	94.70940895752896
4.021999999999779	1386.9897389331024	-17.28500485543213	1760.2721918729123	86.83099979033133
4.041999999999777	1391.808551213178	-24.269773416060627	1775.0680964566268	84.61194129222652
4.061999999999775	1396.7999448082505	-21.31132314744661	1777.6164108951277	88.58884445422903
4.0819999999997725	1401.7966810469256	-11.80773486672759	1771.9670275692604	90.66290589603216
4.10199999999977	1406.800882247373	4.897866529393603	1757.2992074282733	89.66045653068251
4.121999999999768	1411.86423899414	47.802594671162296	1709.8646764979162	90.88992700862548
4.141999999999766	1416.7265010249519	70.61738800965091	1687.3610020749359	95.15527064799026
4.161999999999764	1420.9797264372394	11.957618549682554	1766.2230594258383	97.99026191662128
4.1819999999997615	1425.0624140857385	-22.283950090876157	1814.2628913164547	96.36064015198211
